100
865640337
701099244
1405302721
429280394
1313047565
901520285
1518329009
1781615962
1753481078
1507257712
1155738728
1780928609
1963654673
1005106182
85062621
408822807
1501735698
1244822661
1953635348
975728654
1979303388
289717469
1957320745
731558596
1748820771
1413870175
585344509
1830995274
838837795
555141578
1158669247
801471742
1826372668
1493940779
963835452
594735150
668502568
602633440
92859571
1869629409
930938412
527433126
177136154
1196383319
1773121323
1418173910
1760669517
130201075
159470358
966123242
1716888688
51867799
1581259860
1012670121
852545141
1573773045
1957377599
1886347641
1489700144
1601846556
1436196110
1469772843
105081161
484117481
276027027
841348904
1565312794
1630401136
45248341
1937497347
1509082528
1375570313
1656336259
458053868
1442427299
331080932
958536787
1706691829
1346635893
387048408
1148873950
328682878
1792099512
780386045
1747407068
1836506520
1343283016
331119736
1589818665
1874519506
794330168
1478065654
1897185898
112274087
1522634533
246458546
668297640
1205601372
1275973324
1052970490
