100
63090206
1999118802
380643859
1689280835
1468587790
1136497037
112058633
197474893
3042919
1317562528
745312637
81655444
312181105
1937171376
1158411969
65032588
1171894626
573414239
126700295
1614278719
1077279065
1591612055
478305072
633701825
445740170
1103316731
1855851487
1224447939
224463107
581194172
628267986
295311144
400996228
299299611
859074264
41398957
63274467
49293828
183192452
1522391714
1446212421
375657823
771415842
51188040
99403713
896722742
663064189
695279306
144995183
888602372
211735739
416155454
1180511288
1297679429
1952038537
309803553
889074472
1719544008
895484102
1428869698
1517944633
66014705
1302394063
614160547
830030547
1168736204
520654995
1374554246
698893540
787142937
1617107383
121047088
799406246
227679542
1185487441
1299390435
173572362
1110588513
488017268
994775079
1915128336
615037468
1117771941
552507327
1378535068
164766612
1905537569
322508152
789918927
665857493
507296283
1764919947
568982349
1989844860
1121709854
541919977
1508760335
694288479
1597317668
188558562
