100
670724743
1470366327
468404468
1221670912
1785384709
784857452
1593934749
840817680
1175625838
1061669160
647577672
1515998381
1148046186
900094825
728384818
1675067397
81770341
829654346
863614981
187777032
723714508
462809882
168224814
53287371
1462600684
744795417
456414176
350560438
1510460715
250226150
180101739
806349005
507733137
606016942
884232895
1816384632
438252181
303164893
479103190
803883337
146998414
1139133869
217653470
6531925
546836463
862976432
553573701
853294063
433113939
1427522467
1322794425
813464766
496183813
108952997
1522494589
553434507
482374302
1002328435
1104932505
184203129
648821281
113738871
1690971303
132039242
855113386
830074073
1923866312
1702767307
1078160174
1083770710
843860649
1968391255
430258323
425281802
912387845
542719894
966526792
749091782
1008870901
330591565
446698658
1278051499
693245451
1226394140
1588944836
1576666976
1361220103
889873533
1820141498
15294398
87156436
653889641
1150200282
1334633693
1692965621
1692154133
1857355391
612433615
1533156840
1460798971
