100
79795736
1448474262
1748827250
1146940081
1377775552
1118607576
621199111
502922139
1519171065
1848696705
1661252926
1248213886
1984408126
1456516722
1473431720
194656840
1615340959
1686365465
804469174
552967148
557520251
1736556441
1948040130
1111170805
1756871604
298861742
1658059285
733267347
1011479073
1665214942
698213863
1316433303
1755060964
1192448979
1967138573
1342346980
1951161269
1179587044
664835902
871487481
1338033339
80696981
810792682
647288436
363636409
1812385700
1049143483
265098044
1315771205
1200196196
1219455492
1354967050
1194669174
258761122
1475582667
608702
213465747
579164089
610487387
1914412153
487755451
616674951
1788164432
223375767
1512916454
205738030
270553559
184371218
1718210039
39798227
1392773736
1356668297
1762846622
1686148466
873204554
133910490
1423959131
1726237845
1580525118
621976302
705449327
147484220
129198350
528160300
1046545512
1962100537
570033552
216797911
1642916988
1339740843
880778834
1053469000
670775734
1723943132
1557125365
488033064
59394760
658109309
29012378
1782259171
