100
224315979
1937748644
1496799863
202760370
928217668
1578233925
1109222304
1995630077
12670432
989185765
65502298
1582340751
82851135
195198011
998926895
785712786
197650372
839540033
948891830
1380087865
77264474
467461660
1142911140
378749988
792304258
282233499
56048465
903666855
1061392801
1174207347
232181289
10684622
888409587
335223398
949745529
1152924514
351358393
932812913
1329836274
1623752039
662731848
1531366668
1825636390
30258262
767077482
538079020
1052312115
594525767
1877082162
617205273
825909368
922158592
1380979117
1458263244
136846582
1735116252
1361954571
701398742
1111495825
1358946424
1037271096
96283936
505161686
727274868
1986991472
5442996
1525181969
1684715695
1679212293
160897457
1348243130
742701633
1762816237
285884633
886329459
1663666839
1781222802
1502644070
440333417
1830907061
915024008
678238329
814580054
1353292441
723942341
1394097977
247659606
588426185
1285306868
1119407958
1326595054
362369237
360091
1693476076
551033453
608180126
616936540
460639409
892568243
1047926748
