7925.326294
35.640485 140.063040
35.443708 139.638026
35.179325 136.925993
34.681261 135.509801
33.724202 135.992530
36.987514 138.577069
43.055460 141.340956
43.076125 141.363598
42.985630 141.563543
35.608932 140.124637
35.152283 140.320932
34.741327 137.791773
38.577071 140.955350
38.299248 140.145926
37.910854 139.121806
37.335416 139.610660
35.840784 140.243831
35.670651 139.771861
33.893756 135.133101
31.429201 131.005865
33.589216 130.392813
34.426380 132.743307
34.674558 132.538416
33.715295 130.446566
34.695124 135.197853
33.931408 134.511356
34.538272 135.536512
35.082676 136.902157
37.916367 139.036327
41.083147 141.247793
37.924871 139.092591
36.639753 139.065865
36.123550 137.866133
35.571384 139.373246
35.364394 139.554156
